4 4  5   4  S  F5
2 5  6   9  A  3
1 8  0   1  U  1
3 3  2   33 V  2
2 0  6   59 G  D
5 9  99  3  K  3
1 3  40  0  D  4
8 1  8   1  4  H
5 3  6   6  8  5
9 6  30  2  L  6
0 7  200 7  55 G
4 7  4   7  D4 7
3 3  2   7  H  K
0 2  3   4  3  8
6 33 6   2  W  99
4 46 4   9  0  106
1 10 1   2  6  GG
3 20 11  1  N  AS
5 27 44  0  44 9
7 36 69  0  89 R
9 2  0   1  P  E
0 1  2   33 D  T
2 0  7   54 3  0
4 0  9   2  5  M
6 5  44  22 7  X
8 4  8   67 88 C
0 66 9   7  90 Z
3 3  4   6  8  ;
3 8  7   2  0  2
4 9  3   0  1  Q
